               Date|        Records|               Bytes|          Packets|
2016/04/11T00:00:00|        5335.25|         28895789.24|        232049.88|
2016/04/11T00:05:00|        5283.80|         36836122.48|        280427.03|
2016/04/11T00:10:00|        5111.50|         42635556.84|        365027.81|
2016/04/11T00:15:00|        5414.81|         45927440.73|        423895.41|
2016/04/11T00:20:00|        5742.46|         50885757.55|        474024.12|
2016/04/11T00:25:00|        5775.26|         51984359.46|        488523.08|
2016/04/11T00:30:00|        6007.22|         52453570.36|        468343.61|
2016/04/11T00:35:00|        6244.88|         46036227.96|        335595.12|
2016/04/11T00:40:00|        6436.15|         47764482.81|        358125.82|
2016/04/11T00:45:00|        6710.48|         56560268.05|        516467.54|
2016/04/11T00:50:00|        6988.29|         62533047.07|        542899.04|
2016/04/11T00:55:00|        6823.18|         57616949.45|        489765.63|
2016/04/11T01:00:00|        6805.43|         79113696.45|        933850.83|
2016/04/11T01:05:00|        6549.29|         66920427.33|        687545.65|
2016/04/11T01:10:00|        6791.58|         65654992.92|        705366.87|
2016/04/11T01:15:00|        6891.53|         61478732.26|        676974.47|
2016/04/11T01:20:00|        6399.58|         75981727.19|        834577.38|
2016/04/11T01:25:00|        6689.39|         56494629.06|        538262.89|
2016/04/11T01:30:00|        6281.00|         57165619.63|        546248.17|
2016/04/11T01:35:00|        6609.16|         72178333.49|        690721.74|
2016/04/11T01:40:00|        6360.72|         77455439.35|        802218.36|
2016/04/11T01:45:00|        5579.80|         56074515.72|        478468.76|
2016/04/11T01:50:00|        5855.57|         76553252.28|        970485.78|
2016/04/11T01:55:00|        6673.96|         75169089.68|        950777.29|
2016/04/11T02:00:00|        5832.64|         53000554.73|        581192.55|
2016/04/11T02:05:00|        6437.01|         48320730.23|        461689.51|
2016/04/11T02:10:00|        6242.36|         48518974.13|        389817.13|
2016/04/11T02:15:00|        6102.73|         55526024.02|        512420.15|
2016/04/11T02:20:00|        5346.98|         61113954.98|        663074.46|
2016/04/11T02:25:00|        5352.46|         39614725.46|        278145.04|
2016/04/11T02:30:00|        5476.43|         39678328.25|        348444.13|
2016/04/11T02:35:00|        5286.56|         35980746.82|        284384.86|
2016/04/11T02:40:00|        4954.55|         39272575.01|        328685.51|
2016/04/11T02:45:00|        5376.64|         44539199.67|        380831.22|
2016/04/11T02:50:00|        4987.54|         43356649.59|        357148.10|
2016/04/11T02:55:00|        4713.76|         40375582.62|        311902.44|
2016/04/11T03:00:00|        4655.95|         38985918.52|        298399.91|
2016/04/11T03:05:00|        4340.31|         36838972.60|        259429.15|
2016/04/11T03:10:00|        4598.72|         41227419.16|        324683.48|
2016/04/11T03:15:00|        4338.04|         31630481.16|        228116.41|
2016/04/11T03:20:00|        3969.66|         24192904.01|        230171.12|
2016/04/11T03:25:00|        3583.21|         23024084.94|        235834.58|
2016/04/11T03:30:00|        3724.13|         24866103.81|        214479.58|
2016/04/11T03:35:00|        4400.20|         27847232.00|        258924.35|
2016/04/11T03:40:00|        4094.70|         27058899.41|        237939.21|
2016/04/11T03:45:00|        3963.56|         24389842.92|        228167.98|
2016/04/11T03:50:00|        4135.49|         20461096.42|        181409.46|
2016/04/11T03:55:00|        3729.59|         19692013.37|        186091.31|
2016/04/11T04:00:00|        3644.98|         21069930.55|        191113.17|
2016/04/11T04:05:00|        3375.70|         15472855.54|        121403.76|
2016/04/11T04:10:00|        3534.49|         11217366.78|         97339.77|
2016/04/11T04:15:00|        3768.47|         21430180.67|        260472.65|
2016/04/11T04:20:00|        3684.78|         14555790.32|        136926.82|
2016/04/11T04:25:00|        3073.85|         11442259.54|        101052.11|
2016/04/11T04:30:00|        3042.94|         10509478.57|         73493.09|
2016/04/11T04:35:00|        2709.62|         11286479.59|         95395.42|
2016/04/11T04:40:00|        2558.84|         10357644.19|         77714.46|
2016/04/11T04:45:00|        2778.44|         10461824.14|         84643.64|
2016/04/11T04:50:00|        2351.19|         11930609.43|        130071.78|
2016/04/11T04:55:00|        2152.10|         10503724.27|        114159.09|
2016/04/11T05:00:00|        2741.45|         10217120.30|        124945.16|
2016/04/11T05:05:00|        2550.96|          7568646.77|         91654.24|
2016/04/11T05:10:00|        2541.57|          5689686.62|         56607.91|
2016/04/11T05:15:00|        2794.58|          7397568.84|         73901.09|
2016/04/11T05:20:00|        3134.85|         16496842.53|        202383.09|
2016/04/11T05:25:00|        3097.67|         11294285.25|        141068.04|
2016/04/11T05:30:00|        3555.57|         12289963.47|        152726.10|
2016/04/11T05:35:00|        2993.15|          7753923.86|         91378.32|
2016/04/11T05:40:00|        2513.06|          7048518.75|         84452.71|
2016/04/11T05:45:00|        2182.65|          4869726.80|         46641.16|
2016/04/11T05:50:00|        1900.24|          4893369.69|         47333.81|
2016/04/11T05:55:00|        1887.14|          5621420.53|         54463.62|
2016/04/11T06:00:00|        2170.12|          6816659.22|         49539.02|
2016/04/11T06:05:00|        2067.95|          6019448.15|         56452.31|
2016/04/11T06:10:00|        2188.82|          8075418.70|         59169.29|
2016/04/11T06:15:00|        2415.85|          7321876.92|         61747.05|
2016/04/11T06:20:00|        2296.46|          5958896.28|         56418.42|
2016/04/11T06:25:00|        2178.22|          7862829.27|         68897.03|
2016/04/11T06:30:00|        2138.25|          5879686.37|         60950.61|
2016/04/11T06:35:00|        1849.29|          4734422.34|         44455.46|
2016/04/11T06:40:00|        1709.47|          4289637.31|         40555.23|
2016/04/11T06:45:00|        1899.45|          3737698.24|         27284.77|
2016/04/11T06:50:00|        1861.88|          4704850.89|         46343.68|
2016/04/11T06:55:00|        1701.77|          5626984.33|         52002.81|
2016/04/11T07:00:00|        1756.00|          5059808.11|         62361.58|
2016/04/11T07:05:00|        1734.67|          4968846.65|         41692.29|
2016/04/11T07:10:00|        1653.08|          3786180.91|         27613.38|
2016/04/11T07:15:00|        1848.83|          3893474.38|         29683.67|
2016/04/11T07:20:00|        1894.23|          5137710.62|         36260.20|
2016/04/11T07:25:00|        1715.82|          4117025.00|         28846.32|
2016/04/11T07:30:00|        1572.43|          3691666.26|         29436.28|
2016/04/11T07:35:00|        1832.84|          4712995.49|         35810.68|
2016/04/11T07:40:00|        1590.25|          4374120.77|         39534.54|
2016/04/11T07:45:00|        1567.65|          3762412.29|         31248.08|
2016/04/11T07:50:00|        1873.02|          4410390.53|         33048.78|
2016/04/11T07:55:00|        1616.65|          4106705.00|         34254.25|
2016/04/11T08:00:00|        1522.16|          4210439.35|         37829.71|
2016/04/11T08:05:00|        2013.33|          4791235.21|         36976.65|
2016/04/11T08:10:00|        1583.71|          4114466.45|         34029.71|
2016/04/11T08:15:00|        1988.62|          6182948.81|         42760.79|
2016/04/11T08:20:00|        1630.64|          4325257.89|         31794.10|
2016/04/11T08:25:00|        1961.67|          4916930.73|         37319.17|
2016/04/11T08:30:00|        1556.12|          4662267.05|         45628.01|
2016/04/11T08:35:00|        1608.65|          4159338.83|         36631.01|
2016/04/11T08:40:00|        1623.53|          3644027.44|         33092.93|
2016/04/11T08:45:00|        1721.23|          4668144.73|         42734.25|
2016/04/11T08:50:00|        1518.50|          3786605.50|         39271.32|
2016/04/11T08:55:00|        1459.67|          3488923.54|         28073.59|
2016/04/11T09:00:00|        1644.55|          3050090.63|         23230.86|
2016/04/11T09:05:00|        1649.95|          4070753.48|         36216.42|
2016/04/11T09:10:00|        1585.65|          4603113.81|         43565.35|
2016/04/11T09:15:00|        1803.82|          4147872.09|         30624.19|
2016/04/11T09:20:00|        1685.56|          3838662.73|         27139.22|
2016/04/11T09:25:00|        1452.55|          3544095.20|         35934.62|
2016/04/11T09:30:00|        1553.62|          3435615.40|         27336.50|
2016/04/11T09:35:00|        1666.06|          4504164.53|         36677.56|
2016/04/11T09:40:00|        1562.47|          3116745.30|         23329.23|
2016/04/11T09:45:00|        1771.88|          4060701.70|         34764.65|
2016/04/11T09:50:00|        1826.15|          4911870.26|         40010.11|
2016/04/11T09:55:00|        2080.41|          5790351.24|         49658.32|
2016/04/11T10:00:00|        1881.60|          5029871.31|         45735.44|
2016/04/11T10:05:00|        1842.47|          5743897.14|         43962.19|
2016/04/11T10:10:00|        2188.26|         10509745.01|         54846.01|
2016/04/11T10:15:00|        2175.72|         14130940.32|         60749.68|
2016/04/11T10:20:00|        2082.01|          6604998.10|         71047.19|
2016/04/11T10:25:00|        2003.89|          4913290.75|         46673.98|
2016/04/11T10:30:00|        2242.16|          5630266.52|         45994.82|
2016/04/11T10:35:00|        2349.79|          6050642.31|         58855.53|
2016/04/11T10:40:00|        2382.17|          6420119.88|         56894.15|
2016/04/11T10:45:00|        2441.78|          6733607.45|         50189.58|
2016/04/11T10:50:00|        2504.70|          7145218.06|         70929.36|
2016/04/11T10:55:00|        2508.96|         13313992.74|        185557.68|
2016/04/11T11:00:00|        2572.85|         11416849.72|        146045.69|
2016/04/11T11:05:00|        2299.01|          9855457.92|        130826.43|
2016/04/11T11:10:00|        2391.12|          9960254.50|        131615.15|
2016/04/11T11:15:00|        2584.35|          6544594.70|         72017.31|
2016/04/11T11:20:00|        2861.32|          9241638.45|        102079.63|
2016/04/11T11:25:00|        2808.74|         10313863.75|        121866.87|
2016/04/11T11:30:00|        3508.70|         11969511.57|        139046.72|
2016/04/11T11:35:00|        3874.36|          9041488.90|         79995.10|
2016/04/11T11:40:00|        4046.92|         11697662.54|        123780.96|
2016/04/11T11:45:00|        4063.24|         10759597.13|         95507.57|
2016/04/11T11:50:00|        3011.02|         10722440.88|         65744.33|
2016/04/11T11:55:00|        3906.13|         40909051.41|        109946.41|
2016/04/11T12:00:00|        3563.49|         32805966.01|         95358.38|
2016/04/11T12:05:00|        3709.82|         15080617.22|        106164.08|
2016/04/11T12:10:00|        3847.66|         14852589.14|         89921.10|
2016/04/11T12:15:00|        3473.87|         29311330.16|        239555.97|
2016/04/11T12:20:00|        4606.46|         26499223.86|        287088.38|
2016/04/11T12:25:00|        4924.20|         21063936.58|        163641.59|
2016/04/11T12:30:00|        4986.41|         17313778.25|        177843.75|
2016/04/11T12:35:00|        5264.69|         32227587.72|        259753.46|
2016/04/11T12:40:00|        4792.52|         16104158.01|        173832.24|
2016/04/11T12:45:00|        4119.34|         15438083.70|        175150.83|
2016/04/11T12:50:00|        6429.35|         21891227.22|        186332.66|
2016/04/11T12:55:00|        6014.67|         25452682.10|        266486.84|
2016/04/11T13:00:00|        5960.54|         33116217.72|        303950.70|
2016/04/11T13:05:00|        7116.46|         28181958.56|        326745.45|
2016/04/11T13:10:00|        4338.04|         22523845.68|        200789.13|
2016/04/11T13:15:00|        2844.36|         12201598.77|         99388.78|
2016/04/11T13:20:00|        6694.46|         36806857.29|        395349.11|
2016/04/11T13:25:00|        5855.28|         39014522.37|        354148.24|
2016/04/11T13:30:00|        6239.36|         43664393.37|        310720.84|
2016/04/11T13:35:00|        6624.69|         29463005.16|        324095.56|
2016/04/11T13:40:00|        7369.25|         30607630.36|        334560.84|
2016/04/11T13:45:00|        7313.87|         34574910.69|        327644.18|
2016/04/11T13:50:00|        3597.66|          7573640.89|         65643.32|
2016/04/11T13:55:00|        6145.74|         29709307.84|        267045.82|
2016/04/11T14:00:00|        7381.93|         39860532.94|        404484.48|
2016/04/11T14:05:00|        6933.62|         61500262.51|        404848.98|
2016/04/11T14:10:00|        4942.29|         28307744.53|        245836.79|
2016/04/11T14:15:00|        3422.67|         21527604.92|        243692.77|
2016/04/11T14:20:00|        7554.34|         57259844.79|        538496.94|
2016/04/11T14:25:00|        7045.85|         48877380.45|        442007.78|
2016/04/11T14:30:00|        6754.66|         37971753.31|        334687.23|
2016/04/11T14:35:00|        7343.32|         40316564.81|        371077.58|
2016/04/11T14:40:00|        6908.94|         60687648.21|        463872.84|
2016/04/11T14:45:00|        5958.94|         38717710.16|        356890.12|
2016/04/11T14:50:00|        4154.76|         25873718.92|        158143.53|
2016/04/11T14:55:00|        5804.05|         39973111.64|        360926.26|
2016/04/11T15:00:00|        7190.36|         40795081.10|        373263.18|
2016/04/11T15:05:00|        7277.00|         52681703.55|        464257.64|
2016/04/11T15:10:00|        5643.03|         34867635.38|        407183.66|
2016/04/11T15:15:00|        3767.23|         15548973.10|        179778.52|
2016/04/11T15:20:00|        6043.23|         42028114.54|        453691.01|
2016/04/11T15:25:00|        6826.97|         37117605.36|        313600.40|
2016/04/11T15:30:00|        7286.76|         41620565.33|        333700.36|
2016/04/11T15:35:00|        7668.05|         58340822.97|        418692.44|
2016/04/11T15:40:00|        7185.44|         57969982.35|        561421.70|
2016/04/11T15:45:00|        3580.96|         23746167.63|        287356.62|
2016/04/11T15:50:00|        3994.22|         19711272.97|        188596.10|
2016/04/11T15:55:00|        6568.83|         42984011.75|        448815.66|
2016/04/11T16:00:00|        7526.46|         50024540.07|        423137.08|
2016/04/11T16:05:00|        7493.40|         56801037.98|        508139.25|
2016/04/11T16:10:00|        5808.17|         41011345.05|        513930.74|
2016/04/11T16:15:00|        3079.71|         25552228.23|        330811.08|
2016/04/11T16:20:00|        5910.32|         45424150.17|        634124.40|
2016/04/11T16:25:00|        6631.85|         30363924.81|        332141.09|
2016/04/11T16:30:00|        7026.73|         33262943.37|        344860.09|
2016/04/11T16:35:00|        7497.77|         60379194.20|        498334.20|
2016/04/11T16:40:00|        8694.25|         55447096.91|        623773.51|
2016/04/11T16:45:00|        7105.83|         35183209.62|        434354.52|
2016/04/11T16:50:00|        3135.61|         10411899.65|        102568.38|
2016/04/11T16:55:00|        5910.96|         33529769.98|        386414.11|
2016/04/11T17:00:00|        7729.42|         60388467.79|        808319.52|
2016/04/11T17:05:00|        7498.84|         52679302.48|        708730.73|
2016/04/11T17:10:00|        5170.73|         27222244.35|        333954.25|
2016/04/11T17:15:00|        3276.37|         12468317.74|        123227.01|
2016/04/11T17:20:00|        6375.30|         39165458.27|        440844.94|
2016/04/11T17:25:00|        8402.78|         58060498.57|        755623.84|
2016/04/11T17:30:00|        8233.52|         48010744.74|        530292.54|
2016/04/11T17:35:00|        8781.75|         47320738.99|        446398.40|
2016/04/11T17:40:00|        9012.29|         51727442.15|        501461.46|
2016/04/11T17:45:00|        7848.53|         51630378.63|        549030.76|
2016/04/11T17:50:00|        4629.57|         48235535.63|        371063.73|
2016/04/11T17:55:00|        5364.08|         25041383.40|        216358.42|
2016/04/11T18:00:00|        7523.89|         43021836.84|        396604.79|
2016/04/11T18:05:00|        7316.81|         44429119.53|        478259.57|
2016/04/11T18:10:00|        5626.16|         29542648.42|        316197.34|
2016/04/11T18:15:00|        3500.44|         16770445.45|        173877.41|
2016/04/11T18:20:00|        6387.32|         46940735.03|        432702.04|
2016/04/11T18:25:00|        7776.89|         53778356.90|        386384.86|
2016/04/11T18:30:00|        7375.02|         44434981.68|        434866.93|
2016/04/11T18:35:00|        7670.55|         55075424.30|        536490.07|
2016/04/11T18:40:00|        7241.08|         62487632.64|        582807.22|
2016/04/11T18:45:00|        4572.73|         40195518.32|        333026.07|
2016/04/11T18:50:00|        3411.75|         21720341.70|        197830.02|
2016/04/11T18:55:00|        6703.18|         45747726.85|        489277.28|
2016/04/11T19:00:00|        7468.85|         45604916.38|        514047.27|
2016/04/11T19:05:00|        8025.26|         51313134.68|        568377.02|
2016/04/11T19:10:00|        6084.14|         38192502.83|        396841.61|
2016/04/11T19:15:00|        3340.82|         17396911.75|        160530.30|
2016/04/11T19:20:00|        6374.87|         31728567.97|        274828.07|
2016/04/11T19:25:00|        8885.04|         73799304.34|        765449.06|
2016/04/11T19:30:00|        7385.95|         72878335.78|        823791.29|
2016/04/11T19:35:00|        7823.70|         75604582.05|        959044.87|
2016/04/11T19:40:00|        7594.85|         80897984.83|        987355.93|
2016/04/11T19:45:00|        6602.54|         59848722.76|        761295.77|
2016/04/11T19:50:00|        3279.38|         38723879.07|        475428.18|
2016/04/11T19:55:00|        5768.51|         37684797.85|        417347.47|
2016/04/11T20:00:00|        8096.69|         73233282.37|        783248.33|
2016/04/11T20:05:00|        8350.78|         66779624.86|        730713.53|
2016/04/11T20:10:00|        6249.50|         36769137.81|        337645.28|
2016/04/11T20:15:00|        3720.71|         16931509.83|        150480.32|
2016/04/11T20:20:00|        6224.94|         46724850.27|        475638.47|
2016/04/11T20:25:00|        7307.74|         62066959.12|        489630.57|
2016/04/11T20:30:00|        7249.58|         61378133.86|        642415.92|
2016/04/11T20:35:00|        8398.80|         57005383.17|        723247.44|
2016/04/11T20:40:00|        8110.70|         54800265.93|        567712.57|
2016/04/11T20:45:00|        5136.47|         27046424.26|        289869.80|
2016/04/11T20:50:00|        4997.03|         37641967.48|        464833.76|
2016/04/11T20:55:00|        8347.46|         92189864.61|        721135.60|
2016/04/11T21:00:00|        7436.60|         68993551.19|        766998.81|
2016/04/11T21:05:00|        7115.77|         72878340.46|        851486.10|
2016/04/11T21:10:00|        5827.84|         49312540.87|        584462.42|
2016/04/11T21:15:00|        4953.51|         39282270.42|        449915.51|
2016/04/11T21:20:00|        6295.21|        305390025.05|        775229.33|
2016/04/11T21:25:00|        6352.26|        536212851.73|       1006792.79|
2016/04/11T21:30:00|        6483.66|         49845797.57|        503535.12|
2016/04/11T21:35:00|        6770.21|         60906295.87|        702489.37|
2016/04/11T21:40:00|        5451.70|         58253759.34|        765097.46|
2016/04/11T21:45:00|        6244.38|         57950013.42|        736677.29|
2016/04/11T21:50:00|        6854.34|         63116009.89|        808323.70|
2016/04/11T21:55:00|        6944.98|         66691259.07|        971782.29|
2016/04/11T22:00:00|        6649.05|         42667277.40|        605683.89|
2016/04/11T22:05:00|        6807.54|         41636810.92|        616952.14|
2016/04/11T22:10:00|        7175.28|         48904582.58|        690711.14|
2016/04/11T22:15:00|        5239.89|         46760111.18|        721104.52|
2016/04/11T22:20:00|        5906.91|         39998576.93|        550710.30|
2016/04/11T22:25:00|        6093.97|         42780647.18|        594965.48|
2016/04/11T22:30:00|        6389.73|         36401196.13|        481574.16|
2016/04/11T22:35:00|        6398.16|         39823957.10|        521055.02|
2016/04/11T22:40:00|        6764.62|         41591915.68|        504171.29|
2016/04/11T22:45:00|        5700.84|         36719660.80|        419477.97|
2016/04/11T22:50:00|        6649.87|         38402111.68|        425187.57|
2016/04/11T22:55:00|        5769.17|         29452106.78|        331492.18|
2016/04/11T23:00:00|        6048.89|         38083481.66|        441860.57|
2016/04/11T23:05:00|        6145.08|         43333309.78|        570592.57|
2016/04/11T23:10:00|        6382.64|         49971081.74|        699024.43|
2016/04/11T23:15:00|        6298.76|         54385026.07|        762289.81|
2016/04/11T23:20:00|        6383.83|         75151897.18|       1163951.68|
2016/04/11T23:25:00|        6264.96|         88909049.67|        763976.88|
2016/04/11T23:30:00|        5643.80|        111796142.63|       1077070.86|
2016/04/11T23:35:00|        6350.82|        127323173.66|       1319990.83|
2016/04/11T23:40:00|        6539.35|        108057215.18|       1010778.77|
2016/04/11T23:45:00|        6694.95|         89049835.79|        950310.91|
2016/04/11T23:50:00|        6063.91|         67536235.32|        702797.15|
2016/04/11T23:55:00|        6439.38|         40714154.54|        619525.23|
2016/04/12T00:00:00|          23.64|          1947638.13|         30995.78|
